{"skeleton":[{"name":"Root","parentName":"__root","matrix":[-0.21259427070617677,0.12125301361083985,-0.9695882201194763,4.3711387287537209e-10,0.8421739339828491,-0.48046278953552248,-0.24474197626113892,-4.3711387287537209e-10,-0.4955267310142517,-0.8685926795005798,0.000027477741241455078,0.009999999776482582,0.0,0.0,0.0,1.0]},{"name":"Back","parentName":"Root","matrix":[5.9604641222676949e-8,-0.9999999403953552,8.940696716308594e-8,5.9604643443123e-10,0.0,-1.1920928244535389e-7,-1.0,0.009999999776482582,0.9999999403953552,8.940696005765858e-8,0.0,-7.31824878474896e-11,0.0,0.0,0.0,1.0]},{"name":"Torso","parentName":"Back","matrix":[0.9143735766410828,-0.4048030972480774,-0.007440753281116486,9.558789176855598e-11,0.3910338878631592,0.8782095313072205,0.2753916084766388,0.009472237899899483,-0.10494484007358551,-0.25472041964530947,0.9613033533096314,-1.8626450382086546e-10,0.0,0.0,0.0,1.0]},{"name":"Neck","parentName":"Torso","matrix":[0.8662891387939453,-0.021735163405537607,0.49907004833221438,0.0,0.22419553995132447,0.9097018241882324,-0.3495413362979889,0.007488539442420006,-0.44640761613845827,0.414693146944046,0.7929375171661377,-2.2351741291171124e-10,0.0,0.0,0.0,1.0]},{"name":"Head","parentName":"Neck","matrix":[0.9926472902297974,-0.09930826723575592,0.06920450180768967,-1.4901160305669237e-9,0.11866936087608338,0.9111043214797974,-0.3947232961654663,0.0031864021439105274,-0.0238532405346632,0.40003347396850588,0.9161900877952576,1.3411044497146918e-9,0.0,0.0,0.0,1.0]},{"name":"Shoulder.L","parentName":"Torso","matrix":[-0.12114238739013672,0.9926351308822632,-1.5286133248082479e-7,0.0,-0.9926351308822632,-0.12114238739013672,-9.616968554837513e-9,0.007488539442420006,-2.8064128798632738e-8,1.505705142790248e-7,1.0,-2.2351741291171124e-10,0.0,0.0,0.0,1.0]},{"name":"UpperArm.L","parentName":"Shoulder.L","matrix":[0.9117984771728516,-0.3704390227794647,-0.17719534039497376,-5.9604643443123e-10,0.35415688157081606,0.9278067350387573,-0.11724969744682312,0.005463921930640936,0.20783686637878419,0.044153161346912387,0.977166473865509,1.303851610012785e-10,0.0,0.0,0.0,1.0]},{"name":"LowerArm.L","parentName":"UpperArm.L","matrix":[0.7893561124801636,-0.6101205945014954,-0.06833403557538986,-3.6507843415023446e-9,0.5952956080436707,0.7878531813621521,-0.15783023834228517,0.009661279618740082,0.1501326709985733,0.08390534669160843,0.9850989580154419,-2.60770322002557e-10,0.0,0.0,0.0,1.0]},{"name":"Hand.L","parentName":"LowerArm.L","matrix":[0.968456506729126,0.24918106198310853,0.0008200922748073936,4.4703482582342249e-10,-0.24915580451488496,0.968299925327301,0.017793593928217889,0.006202364340424538,0.003639730392023921,-0.01743665523827076,0.9998413324356079,-1.490116086078075e-10,0.0,0.0,0.0,1.0]},{"name":"Thumb.L","parentName":"LowerArm.L","matrix":[0.9628110527992249,0.26762205362319949,0.037056174129247668,4.4703482582342249e-10,-0.20431214570999146,0.6314731240272522,0.7479962110519409,0.006202364340424538,0.17678029835224152,-0.7277500033378601,0.6626678705215454,-1.490116086078075e-10,0.0,0.0,0.0,1.0]},{"name":"Shoulder.R","parentName":"Torso","matrix":[-0.12114310264587403,-0.992635190486908,-1.7498834381513007e-7,6.705522248573459e-10,0.9926350712776184,-0.12114311754703522,2.262364233729386e-7,0.007488541305065155,-2.45768831064197e-7,-1.462925922623981e-7,1.0,-2.60770322002557e-10,0.0,0.0,0.0,1.0]},{"name":"UpperArm.R","parentName":"Shoulder.R","matrix":[0.054512493312358859,0.030491288751363756,0.9980475902557373,-2.98023217215615e-10,0.5927274227142334,0.8033891916275024,-0.0569186806678772,0.005463921930640936,-0.8035562038421631,0.5946728587150574,0.025721728801727296,1.3783574281944767e-9,0.0,0.0,0.0,1.0]},{"name":"LowerArm.R","parentName":"UpperArm.R","matrix":[0.13010364770889283,-0.03206339105963707,-0.9909818172454834,1.19209286886246e-9,-0.4013018310070038,0.9122496843338013,-0.0822020098567009,0.009661278687417508,0.9066587686538696,0.4083775579929352,0.10581986606121063,-2.38418573772492e-9,0.0,0.0,0.0,1.0]},{"name":"Hand.R","parentName":"LowerArm.R","matrix":[0.8517078757286072,0.4996509850025177,0.15793241560459138,1.3411044497146918e-9,-0.4837453067302704,0.865559995174408,-0.12960101664066316,0.006202367600053549,-0.2014552652835846,0.03398315608501434,0.9789079427719116,-2.98023217215615e-10,0.0,0.0,0.0,1.0]},{"name":"Thumb.R","parentName":"LowerArm.R","matrix":[-0.4351833760738373,0.0524490550160408,-0.898813009262085,1.3411044497146918e-9,0.5666387677192688,0.7917497158050537,-0.22815127670764924,0.006202367600053549,0.6996683478355408,-0.6085899472236633,-0.37427595257759097,-2.98023217215615e-10,0.0,0.0,0.0,1.0]},{"name":"Hip.L","parentName":"Root","matrix":[0.9989495277404785,0.045823369175195697,5.029141547652216e-8,5.9604643443123e-10,4.656612517806025e-8,5.9604641222676949e-8,-0.9999999403953552,0.009999999776482582,-0.045823369175195697,0.9989495277404785,5.9604641222676949e-8,-7.31824878474896e-11,0.0,0.0,0.0,1.0]},{"name":"UpperLeg.L","parentName":"Hip.L","matrix":[0.5081174373626709,0.3709811568260193,0.7772963047027588,-3.725290215195187e-11,-0.8434852361679077,0.3968791961669922,0.3619661033153534,0.0047432780265808109,-0.17421014606952668,-0.8395593166351318,0.5145784020423889,7.450580430390375e-11,0.0,0.0,0.0,1.0]},{"name":"LowerLeg.L","parentName":"UpperLeg.L","matrix":[0.6975148320198059,0.6052302718162537,-0.3836265504360199,-8.940696516468449e-10,-0.3392113745212555,-0.19269393384456635,-0.9207634329795837,0.01267411932349205,-0.6311962008476257,0.772376537322998,0.07089406996965409,-2.60770322002557e-10,0.0,0.0,0.0,1.0]},{"name":"Foot.L","parentName":"LowerLeg.L","matrix":[0.991315484046936,0.11506488919258118,0.06366900354623795,4.6566125955216367e-11,-0.10610084235668183,0.41378092765808108,0.9041725397109985,0.010218178853392601,0.07769348472356796,-0.9030756950378418,0.42239582538604739,-1.2177042707506303e-9,0.0,0.0,0.0,1.0]},{"name":"Hip.R","parentName":"Root","matrix":[-0.9989494681358337,0.045824822038412097,0.0000024121254682540895,5.9604643443123e-10,-0.0000023972240796865664,4.1723239974089667e-7,-0.9999999403953552,0.009999999776482582,-0.04582482948899269,-0.9989492297172546,-2.384185791015625e-7,-7.31824878474896e-11,0.0,0.0,0.0,1.0]},{"name":"UpperLeg.R","parentName":"Hip.R","matrix":[0.516200840473175,-0.8564091324806213,0.01000774372369051,1.1175870645585562e-10,0.8558672666549683,0.5162413120269775,0.03140191733837128,0.004743277095258236,-0.03205929324030876,-0.007644396275281906,0.9994567632675171,-2.98023217215615e-10,0.0,0.0,0.0,1.0]},{"name":"LowerLeg.R","parentName":"UpperLeg.R","matrix":[0.8546018600463867,-0.1403696984052658,0.4999522566795349,-3.725290076417309e-10,0.4941994547843933,0.5154695510864258,-0.7000415921211243,0.012674120254814625,-0.15944558382034303,0.8453328013420105,0.5098917484283447,0.0,0.0,0.0,0.0,1.0]},{"name":"Foot.R","parentName":"LowerLeg.R","matrix":[0.9062513709068298,0.159315288066864,0.3915700316429138,1.490116086078075e-10,-0.3811193108558655,0.7086875438690186,0.5937256217002869,0.010218179784715176,-0.182911217212677,-0.6872996091842651,0.70296710729599,8.568167286782113e-10,0.0,0.0,0.0,1.0]}]}